3.492953434
0.058222003
-1.340413784
-1.509515789
-1.026850805
-0.289872644
0.443670272
1.022007071
1.371599902
1.474577067
1.350621734
1.042671033
0.605850974
0.099137263
-0.42070869
-0.903325308
-1.307405468
-1.602123095
-1.767594111
-1.794597572
-1.683749859
-1.444295193
-1.092649301
-0.650809426
-0.144722952
0.397311565
0.946153455
1.473195715
1.951576491
2.357205783
2.669595942
2.872492098
2.95430501
2.90835395
2.732931382
2.431204402
2.010970268
1.484285015
0.866985173
0.178123055
-0.560663903
-1.325829713
-2.092623029
-2.835798719
-3.530320846
-4.152041566
-4.678342007
-5.088722924
-5.36533464
-5.493437601
-5.461786613
-5.262933623
-4.893445582
-4.354035602
-3.649607157
-2.789212555
-1.785928269
-0.656650949
0.57818091
1.894933735
3.267187221
4.666196756
6.061401742
7.420971236
8.712377942
9.902991385
10.96068104
11.85442018
12.55488127
13.03501424
13.2705989
13.24076359
12.9284623
12.3209035
11.40992405
10.19230279
8.670008748
6.850379957
4.746229526
2.37587663
-0.236899222
-3.062981312
-6.068116047
-9.213189482
-12.45457816
-15.74457152
-19.0318625
-22.26210186
-25.37851151
-28.32255102
-31.03463111
-33.45486729
-35.52386628
-37.1835375
-38.3779214
-39.05402619
-39.16266429
-38.65927958
-37.5047565
-35.66620207
-33.11769178
3.168136628
0.053825404
-1.214774414
-1.368717634
-0.931710666
-0.264043278
0.400614234
0.924647257
1.241354366
1.33449619
1.221881486
0.942405877
0.5460227
0.086183976
-0.385656849
-0.823839853
-1.190906162
-1.458892484
-1.609750413
-1.635095107
-1.535458126
-1.319192378
-1.001153152
-0.601257839
-0.143007958
0.347959641
0.845240242
1.32290812
1.756614617
2.124518904
2.408041014
2.592433656
2.66717503
2.626189536
2.467907014
2.195174056
1.815033092
1.338386439
0.779563442
0.155809259
-0.513286177
-1.206400863
-1.901117606
-2.574568579
-3.204072163
-3.767748023
-4.245097817
-4.617540462
-4.868892446
-4.985785326
-4.958014141
-4.778812049
-4.445048079
-3.957346345
-3.320126501
-2.541566546
-1.633490302
-0.61118304
0.506860262
1.699248667
2.942064849
4.209283656
5.473232311
6.705084436
7.875379805
8.954561527
9.913522275
10.72415121
11.35987333
11.79617332
12.01109604
11.98571643
11.70457196
11.15605124
10.33273301
9.231670479
7.85461653
6.208186017
4.303952286
2.158475634
-0.20673767
-2.765346464
-5.486355707
-8.3343665
-11.26989341
-14.24974667
-17.22747608
-20.15387275
-22.97752423
-25.64541784
-28.10358665
-30.29779179
-32.17423453
-33.68029109
-34.76526276
-35.38113368
-35.48332839
-35.03146114
-33.99006879
-32.32931925
-30.02568721
2.823439281
0.04915549
-1.081479546
-1.219351459
-0.83077022
-0.23657052
0.35513691
0.821761161
1.103851578
1.18689328
1.086695676
0.837853834
0.484819483
0.075170554
-0.345284142
-0.735884961
-1.063266434
-1.302511469
-1.437526322
-1.460818466
-1.372832883
-1.180978497
-0.898455074
-0.542971931
-0.13543289
0.301352985
0.743888448
1.169097922
1.555305073
1.883061574
2.135817777
2.30043217
2.367521564
2.331658141
2.191422803
1.949326867
1.611616056
1.187972082
0.691127948
0.136413453
-0.458752592
-1.075407291
-1.693610186
-2.29301666
-2.853444559
-3.35542151
-3.780701727
-4.112742425
-4.33713141
-4.441958822
-4.418127435
-4.259597368
-3.963562408
-3.530556468
-2.964489996
-2.272617285
-1.465436784
-0.556527459
0.437674802
1.498155955
2.603652261
3.73102238
4.85565652
5.951915732
6.99359413
7.954396663
8.808424978
9.530663943
10.09746151
10.48699475
10.67971528
10.6587674
10.41037305
9.924177725
9.193552346
8.215846534
6.99258927
5.529633677
3.837243267
1.930117682
-0.172643337
-2.447638322
-4.867324666
-7.400240588
-10.01128699
-12.66206704
-15.31128061
-17.91517026
-20.42801469
-22.80266512
-24.99111963
-26.94512981
-28.61683408
-29.95941106
-30.9277468
-31.47910874
-31.57381961
-31.17592396
-30.25384021
-28.78099097
-26.73640438
2.472140848
0.044358469
-0.945682408
-1.067162969
-0.727896511
-0.208505728
0.308948729
0.717187723
0.964149697
1.037075778
0.949735258
0.732336923
0.423721411
0.065475344
-0.302350331
-0.644197357
-0.930877452
-1.140583295
-1.259218172
-1.280203435
-1.203899744
-1.036757205
-0.790290865
-0.479961412
-0.124026155
0.257587657
0.644346573
1.016081129
1.353840551
1.640617495
1.861934701
2.006290802
2.065466977
2.03469977
1.912728344
1.701726648
1.407132693
1.037388298
0.603603376
0.119159173
-0.400735121
-0.939518296
-1.479771972
-2.003721545
-2.493731261
-2.932782503
-3.304925457
-3.595695565
-3.79248735
-3.884879497
-3.864906283
-3.727271737
-3.469504063
-3.092049043
-2.598302248
-1.99458088
-1.290037066
-0.496515278
0.371642644
1.297840698
2.263515375
3.248460445
4.231184171
5.189292894
6.099894678
6.940016596
7.68702912
8.319071141
8.815469207
9.157144742
9.327003264
9.310299888
9.094975772
8.671960589
8.035436523
7.183059824
6.116136458
4.839748955
3.362832146
1.69819606
-0.137505137
-2.123858643
-4.236832874
-6.448970943
-8.729636454
-11.04530973
-13.35993201
-15.63529466
-17.83146987
-19.90727893
-21.8207936
-23.5298659
-24.99268104
-26.1683281
-27.01738271
-27.50249574
-27.58898195
-27.24540231
-26.44413365
-25.16191941
-23.38039515
2.125788677
0.03956242
-0.811863751
-0.917147246
-0.626446989
-0.180750156
0.263561399
0.614303991
0.826702589
0.889732105
0.815153124
0.628852187
0.364139351
0.05669483
-0.259107718
-0.552741092
-0.799137765
-0.979559525
-1.081882238
-1.100432286
-1.035491349
-0.892568324
-0.681521137
-0.415596992
-0.110446913
0.216840751
0.54865298
0.867684624
1.15767198
1.40401498
1.59428097
1.718587725
1.769867098
1.744013893
1.639926993
1.459451752
1.207234097
0.890497776
0.51875683
0.103475647
-0.342311058
-0.804406221
-1.267874718
-1.717472941
-2.138073417
-2.515075069
-2.834790727
-3.084804472
-3.254292477
-3.334302078
-3.317984877
-3.200780743
-2.98055061
-2.657656961
-2.234991829
-1.717953038
-1.114370227
-0.434382936
0.309726245
1.103739924
1.931751428
2.776443065
3.619392226
4.441400136
5.22283785
5.944003989
6.585488612
7.128537665
7.555412522
7.849739262
7.996842553
7.984059231
7.801027019
7.439944132
6.895795933
6.166545225
5.253283205
4.160338593
2.895342957
1.469250738
-0.103686969
-1.805995331
-3.617095273
-5.513468976
-7.468870233
-9.454578064
-11.43969148
-13.39146287
-15.27566695
-17.05700203
-18.69951963
-20.16707855
-21.42381872
-22.43465048
-23.16575402
-23.58508415
-23.66287497
-23.37213929
-22.68915713
-21.59394809
-20.07072218
1.793769255
0.034874784
-0.683664236
-0.773365253
-0.529151366
-0.154033139
0.220215035
0.515878395
0.695169412
0.748729975
0.68640102
0.529931602
0.307335201
0.048633981
-0.217238245
-0.464576143
-0.672262871
-0.824504089
-0.911069488
-0.927156767
-0.872976243
-0.753139238
-0.57591991
-0.352448215
-0.095881027
0.179410968
0.458611237
0.7271581
0.971362267
1.178930745
1.339391192
1.444414696
1.488038171
1.466790176
1.379726096
1.228380224
1.016643534
0.750576759
0.438168924
0.089051718
-0.285819896
-0.674510657
-1.06446177
-1.442852181
-1.796955735
-2.11448633
-2.383923974
-2.594815533
-2.738044809
-2.806067524
-2.793107681
-2.695312642
-2.510865166
-2.240051454
-1.885285069
-1.451087313
-0.944025363
-0.372610092
0.252843944
0.92039333
1.616672012
2.327125066
3.036265925
3.727952682
4.385678939
4.992874564
5.533211653
5.990911017
6.351044584
6.599829209
6.724907574
6.715612063
6.563207752
6.26111096
5.805080124
5.193376111
4.426889484
3.509232618
2.446794989
1.248760391
-0.072914733
-1.503562212
-3.02590225
-4.620182208
-6.26435312
-7.934282589
-9.604002316
-11.2459881
-12.83146983
-14.33076857
-15.71365764
-16.94974418
-18.00886749
-18.8615103
-19.47921864
-19.8350263
-19.90387918
-19.66305528
-19.0925756
-18.17560148
-16.89881388
